Best time with raw delay: 16242.834153168347
65 39 21 79 31 1 43 8 38 24 2 36 25 45 80 34 3 37 88 7 41 76 70 40 12 16 44 75 13 60 30 99 78 94 51 20 62 19 84 82 81 72 85 98 96 42 15 86 66 6 10 56 77 11 91 95 32 50 73 89 49 90 97 52 87 58 83 26 100 17 46 63 93 27 35 53 18 4 61 23 57 64 54 71 68 28 48 29 55 69 74 9 22 33 59 14 47 5 67 92 
16105.938093740551
37 83 16 86 32 92 54 46 34 43 40 53 82 24 17 11 27 73 52 61 63 48 76 3 70 50 41 85 57 74 72 71 91 8 20 23 28 38 96 89 80 19 75 93 95 22 64 77 59 98 81 66 44 47 97 2 58 94 15 25 68 36 67 12 99 1 49 26 7 62 9 31 35 51 4 65 5 55 18 33 100 10 42 29 78 30 56 39 87 13 6 90 60 21 88 69 14 45 84 79 
14922.455833797703
84 24 40 69 53 29 37 73 26 99 3 15 45 46 52 2 60 71 18 77 54 51 11 49 20 7 75 50 89 68 28 30 19 74 6 23 41 100 62 25 56 81 33 14 65 47 48 92 55 64 10 67 61 9 43 97 83 21 88 91 8 42 95 87 38 27 32 17 12 96 66 31 16 72 58 86 13 34 44 76 85 57 90 98 70 22 4 94 82 93 39 59 1 79 78 36 80 5 63 35 
14663.349303010269
41 35 59 98 93 92 15 70 62 23 73 42 65 89 37 28 91 76 53 13 50 60 8 69 10 68 72 18 100 79 87 47 80 14 99 3 1 56 64 30 88 32 52 84 36 45 17 43 71 55 21 31 48 40 26 9 27 44 85 74 96 38 66 16 95 22 51 61 97 78 12 75 82 11 67 29 19 2 49 34 58 24 33 57 77 5 6 46 39 25 90 54 20 94 81 7 63 86 4 83 
14592.764195763393
75 21 10 13 35 70 95 36 91 20 52 32 87 69 38 12 66 3 44 49 29 25 78 51 89 28 63 92 43 71 98 72 96 67 6 97 11 62 24 99 39 64 90 23 27 33 8 41 30 77 26 88 22 79 7 54 100 14 19 61 18 56 1 47 85 42 53 40 46 80 76 9 55 15 5 31 2 74 34 16 83 37 94 57 84 48 81 45 68 73 60 93 50 4 59 86 58 17 82 65 
14316.065493565311
91 79 36 92 42 56 19 26 11 84 23 32 100 73 43 97 1 77 41 62 15 37 22 81 30 80 96 39 76 66 10 48 64 2 82 21 17 75 87 46 63 68 53 27 86 44 24 72 99 61 51 54 13 9 58 29 83 31 49 60 69 71 18 28 4 38 8 65 40 67 57 16 88 6 45 5 47 52 94 25 12 95 90 93 14 50 34 98 3 35 20 74 78 33 89 59 55 70 7 85 
14143.693570430494
83 7 79 44 51 13 70 62 87 63 88 6 89 27 55 26 57 98 5 33 58 93 12 76 30 31 84 68 42 53 25 48 29 71 24 35 92 64 61 97 60 56 41 96 81 39 34 19 1 47 80 72 22 75 82 46 67 43 28 17 21 2 65 73 15 66 54 95 23 38 69 100 11 91 94 16 4 59 78 37 77 40 36 90 50 20 9 32 18 49 8 85 86 99 74 10 52 45 3 14 
14091.161194428709
81 20 27 71 34 25 63 73 79 75 72 59 58 90 76 10 62 28 69 2 17 49 23 1 4 47 18 96 43 84 11 44 29 39 70 89 38 21 42 66 15 61 85 40 50 54 6 67 16 8 51 30 91 83 55 98 41 68 100 64 80 22 12 48 77 37 57 78 92 26 74 56 99 3 60 53 93 46 82 32 13 87 36 7 52 88 45 65 5 97 86 94 14 24 19 35 31 33 95 9 
13621.00015147877
34 91 44 99 3 53 52 92 2 70 77 7 71 1 66 88 55 31 50 69 21 39 81 83 86 43 10 23 95 87 11 84 35 75 30 97 67 32 41 65 98 45 5 72 80 61 12 13 17 94 38 24 42 8 76 29 26 64 6 58 36 59 18 68 25 73 51 54 74 4 40 47 16 14 78 90 37 27 20 48 28 62 19 57 63 85 100 22 33 89 93 46 9 60 56 96 82 15 49 79 
13549.462623646456
97 10 2 3 31 50 55 92 77 15 30 79 18 1 63 17 82 87 7 28 40 48 90 89 37 65 60 99 25 83 21 68 41 73 36 75 24 27 69 91 98 20 66 62 32 88 23 19 93 74 57 78 26 14 72 45 29 61 80 43 9 85 46 13 44 38 84 94 81 54 96 49 4 71 6 51 22 34 8 39 58 33 100 70 12 95 86 56 52 59 47 53 16 5 42 11 67 64 76 35 
12916.263338504472
32 59 72 20 92 8 14 58 47 89 81 64 70 40 73 16 17 2 62 24 11 13 79 36 60 46 76 68 7 54 35 61 67 99 29 22 37 34 49 44 19 31 18 42 23 97 10 30 41 94 95 86 38 51 65 84 82 12 66 5 25 90 93 56 75 87 27 83 98 55 53 50 15 45 39 96 28 100 74 57 48 21 88 4 80 77 43 1 91 71 6 78 26 69 9 3 33 85 52 63 
12811.372657345855
82 53 16 62 41 60 32 79 20 25 67 88 15 78 92 30 18 64 23 43 83 52 24 77 69 38 87 36 31 42 26 19 55 86 49 37 56 39 7 28 95 10 100 68 73 91 70 21 44 4 22 61 48 45 13 17 50 63 84 46 93 3 51 98 35 90 29 11 99 47 72 1 2 81 75 97 6 33 34 27 76 94 54 89 8 12 85 71 40 14 74 96 66 5 59 9 80 65 57 58 
12715.629793998163
56,29,47,22,90,49,60,19,88,42,46,38,7,40,8,71,62,36,32,31,70,27,61,1,95,20,24,50,28,98,59,5,39,45,51,81,11,63,16,37,76,94,93,69,17,75,84,97,92,15,89,74,12,35,4,3,55,52,96,34,23,67,41,65,43,79,100,91,33,53,64,30,6,54,10,87,82,26,80,73,21,77,44,66,78,13,68,72,48,14,2,86,18,58,83,25,99,57,9,85 